M = 500;
K1 = 7500;
K2 = 170000;
b = 1250;
v = 10;
